# number density [fm^-3] 	 cs2 lower limit (95%) 	 cs2 upper limit (95%)
2.720000000000000022e-14 3.766610435412189122e-08 3.766610435412189122e-08
1.269999999999999890e-13 6.497781477172163475e-08 6.497781477172163475e-08
6.929999999999999754e-13 3.033770597342807186e-07 3.033770597342807186e-07
6.295000000000000945e-12 1.763710043904196507e-06 1.763710043904196507e-06
1.581000000000000150e-11 3.559434472327477622e-06 3.559434472327477622e-06
3.971999999999999958e-11 6.772854871245677111e-06 6.772854871245677111e-06
9.975999999999999982e-11 1.246890511177539320e-05 1.246890511177539320e-05
2.505999999999999928e-10 2.212095130576091967e-05 2.212095130576091967e-05
6.294000000000001220e-10 3.761981047239428883e-05 3.761981047239428883e-05
1.581000000000000021e-09 6.095350986710739404e-05 6.095350986710739404e-05
3.971999999999999932e-09 8.628023653304385055e-05 8.628023653304385055e-05
5.000000000000000105e-09 9.387863480799757518e-05 9.387863480799757518e-05
9.975999999999999465e-09 1.356922228656245837e-04 1.356922228656245837e-04
1.989999999999999952e-08 1.782101978513718314e-04 1.782101978513718314e-04
3.972999999999999908e-08 2.308134738384234820e-04 2.308134738384234820e-04
7.925999999999999637e-08 2.960532096713864875e-04 2.960532096713864875e-04
1.580999999999999930e-07 3.402859755131850544e-04 3.402859755131850544e-04
1.991000000000000027e-07 3.626488188833278743e-04 3.626488188833278743e-04
3.155999999999999408e-07 4.630767356912104081e-04 4.630767356912104081e-04
5.000999999999999849e-07 5.430301232045120323e-04 5.430301232045120323e-04
6.295999999999999732e-07 5.605192962670089638e-04 5.605192962670089638e-04
9.666999999999999941e-07 5.993081670211623108e-04 5.993081670211623108e-04
1.531999999999999901e-06 7.125938556504039095e-04 7.125938556504039095e-04
2.506999999999999883e-06 8.121876172121876309e-04 8.121876172121876309e-04
3.974000000000000407e-06 9.780674166779417152e-04 9.780674166779417152e-04
4.830000000000000343e-06 1.046253037768318664e-03 1.046253037768318664e-03
6.080999999999999885e-06 1.056224360839501646e-03 1.056224360839501646e-03
7.930000000000000308e-06 1.109203753630785610e-03 1.109203753630785610e-03
9.982000000000000313e-06 1.271216815433141075e-03 1.271216815433141075e-03
1.256999999999999823e-05 1.374195438212825332e-03 1.374195438212825332e-03
1.521999999999999997e-05 1.371610497379100249e-03 1.371610497379100249e-03
1.991000000000000080e-05 1.426578142835871997e-03 1.426578142835871997e-03
2.506999999999999883e-05 1.672007475975408053e-03 1.672007475975408053e-03
2.790999999999999536e-05 1.709425557744154774e-03 1.709425557744154774e-03
3.806999999999999973e-05 1.720407281314112165e-03 1.720407281314112165e-03
5.063000000000000145e-05 1.829889149838781265e-03 1.829889149838781265e-03
6.592000000000000583e-05 1.930242980462695823e-03 1.930242980462695823e-03
8.433000000000000066e-05 2.021055815200022837e-03 2.021055815200022837e-03
1.062000000000000064e-04 2.104789529260958983e-03 2.104789529260958983e-03
1.321000000000000126e-04 2.178291718403657477e-03 2.178291718403657477e-03
1.623999999999999901e-04 2.240170365918073281e-03 2.240170365918073281e-03
1.689999999999999879e-04 2.254509350360745651e-03 2.254509350360745651e-03
1.758999999999999930e-04 2.268169273277113179e-03 2.268169273277113179e-03
1.830000000000000029e-04 2.276170334580628063e-03 2.276170334580628063e-03
1.901999999999999882e-04 2.292561569242367037e-03 2.292561569242367037e-03
1.977000000000000079e-04 2.299943765467868384e-03 2.299943765467868384e-03
2.054000000000000053e-04 2.322187632288155723e-03 2.322187632288155723e-03
2.079000000000000119e-04 2.435429768083530178e-03 2.435429768083530178e-03
2.081999999999999921e-04 1.950065624557156818e-03 1.950065624557156818e-03
2.090999999999999868e-04 6.411875526909013856e-04 6.411875526909013856e-04
2.159999999999999919e-04 1.199166870571831411e-03 1.199166870571831411e-03
2.231000000000000019e-04 9.928616047829054436e-04 9.928616047829054436e-04
2.310999999999999795e-04 9.056166966301716637e-04 9.056166966301716637e-04
2.401000000000000085e-04 8.565463878902855599e-04 8.565463878902855599e-04
2.500000000000000052e-04 8.194318812157330018e-04 8.194318812157330018e-04
2.642999999999999733e-04 7.890063723638815647e-04 7.890063723638815647e-04
3.052999999999999941e-04 7.612775562167708662e-04 7.612775562167708662e-04
3.533000000000000224e-04 7.626578558207241024e-04 7.626578558207241024e-04
4.075999999999999871e-04 7.813048116943254948e-04 7.813048116943254948e-04
4.680000000000000457e-04 8.096035963157804938e-04 8.096035963157804938e-04
5.341000000000000261e-04 8.452514814113673558e-04 8.452514814113673558e-04
6.059000000000000366e-04 8.862253587289389486e-04 8.862253587289389486e-04
7.661000000000000275e-04 9.702780530519144065e-04 9.702780530519144065e-04
1.262000000000000101e-03 1.198863597978450275e-03 1.198863597978450275e-03
1.894999999999999983e-03 1.437771491635827115e-03 1.437771491635827115e-03
2.673000000000000029e-03 1.671524566936786766e-03 1.671524566936786766e-03
3.605999999999999830e-03 1.893900408978071038e-03 1.893900408978071038e-03
4.709999999999999777e-03 2.096551352830673849e-03 2.096551352830673849e-03
7.496000000000000926e-03 2.466596387205546859e-03 2.466596387205546859e-03
1.119999999999999989e-02 2.809304433764861584e-03 2.809304433764861584e-03
1.600000000000000033e-02 3.132325055719984222e-03 3.132325055719984222e-03
2.206999999999999934e-02 3.477840948757840792e-03 3.477840948757840792e-03
2.947999999999999926e-02 3.909302116317729670e-03 3.909302116317729670e-03
4.267999999999999572e-02 4.862066536253286525e-03 4.862066536253286525e-03
6.219999999999999835e-02 6.630786177272363080e-03 6.630786177272363080e-03
7.316999999999999893e-02 7.588671314871411888e-03 7.588671314871411888e-03
7.595999999999999974e-02 8.170805199905813859e-03 8.170805199905810390e-03
7.645061224489796414e-02 8.315710501609615418e-03 8.274501762194602650e-03
7.694122448979591467e-02 8.475756520089106419e-03 8.375976099379072934e-03
7.743183673469387907e-02 8.650362134624061880e-03 8.475306535197018806e-03
7.792244897959184347e-02 8.838932976310102940e-03 8.572599365934165105e-03
7.841306122448979399e-02 9.040846365050550504e-03 8.667988521775246008e-03
7.890367346938775839e-02 9.255566458438557742e-03 8.761495458739229983e-03
7.939428571428570891e-02 9.482425970680033803e-03 8.853255570089538923e-03
7.988489795918367331e-02 9.720983579904685784e-03 8.943353483137782625e-03
8.037551020408162383e-02 9.970553812234274685e-03 9.031868630909002313e-03
8.086612244897958823e-02 1.023066571949530525e-02 9.118987936914244377e-03
8.135673469387756651e-02 1.050029895180939164e-02 9.204715744169696817e-03
8.184734693877551703e-02 1.078004603362393149e-02 9.289195810193925928e-03
8.233795918367346756e-02 1.106818494178886565e-02 9.372601895732860650e-03
8.282857142857143196e-02 1.136425552715405324e-02 9.454593777264224189e-03
8.331918367346938248e-02 1.166871653705869004e-02 9.535806663688660423e-03
8.380979591836734688e-02 1.197974519292334221e-02 9.616007760181413677e-03
8.430040816326532516e-02 1.229785036780121563e-02 9.695169276357676336e-03
8.479102040816326180e-02 1.262083571707548618e-02 9.773953175289751619e-03
8.528163265306122620e-02 1.295038773381787175e-02 9.852184321096711661e-03
8.577224489795919060e-02 1.328358801916081772e-02 9.929701319536476251e-03
8.626285714285714112e-02 1.362079390791367910e-02 1.000714656812849018e-02
8.675346938775510552e-02 1.396143318630906592e-02 1.008327575107248117e-02
8.724408163265306992e-02 1.430613819662880995e-02 1.015948610972514966e-02
8.773469387755102045e-02 1.465279874063930843e-02 1.023563441281868588e-02
8.822530612244898485e-02 1.499974301491424286e-02 1.031161967411573128e-02
8.871591836734692149e-02 1.535072667005633884e-02 1.038680461837607726e-02
8.920653061224489977e-02 1.570094414853867928e-02 1.046227269935047499e-02
8.969714285714286417e-02 1.605243378061166348e-02 1.053760217605898518e-02
9.018775510204081469e-02 1.640087477167219074e-02 1.061308652521152605e-02
9.067836734693877909e-02 1.674870895797696616e-02 1.068916290101388188e-02
9.116897959183674349e-02 1.709617552608010127e-02 1.076485112736448937e-02
9.165959183673468014e-02 1.743750630252585698e-02 1.084134005651729918e-02
9.215020408163265841e-02 1.777813817214706632e-02 1.091569713254012322e-02
9.264081632653062282e-02 1.811530761000819043e-02 1.098938047190759631e-02
9.313142857142857334e-02 1.845212688463062842e-02 1.106491219262510130e-02
9.362204081632652386e-02 1.877803853025488898e-02 1.114180112367443680e-02
9.411265306122448826e-02 1.909992203959108223e-02 1.121883361328400094e-02
9.460326530612246654e-02 1.941937345596182057e-02 1.129737326828110684e-02
9.509387755102041706e-02 1.973443618024183638e-02 1.137466118969347913e-02
9.558448979591838146e-02 2.003986019100977012e-02 1.144821108787542376e-02
9.607510204081633198e-02 2.033728545973129825e-02 1.152326621759566100e-02
9.656571428571428251e-02 2.062881322828693728e-02 1.159750444012508722e-02
9.705632653061224691e-02 2.091037192142596382e-02 1.167479548227993123e-02
9.754693877551022518e-02 2.118770685775719226e-02 1.174646450443620101e-02
9.803755102040817571e-02 2.145145754111204422e-02 1.181946238014627837e-02
9.852816326530612623e-02 2.170034998280116062e-02 1.188664069828523039e-02
9.901877551020409063e-02 2.194380177628232204e-02 1.195691218723524823e-02
9.950938775510204115e-02 2.217646321498166137e-02 1.202134718015450410e-02
1.000000000000000056e-01 2.239523030558325870e-02 1.207946263925594767e-02
1.044897959183673647e-01 2.411990924831601199e-02 1.248683847910407423e-02
1.089795918367346961e-01 2.595676243571619704e-02 1.284597741888277370e-02
1.134693877551020413e-01 2.789601342674646184e-02 1.327349545936734251e-02
1.179591836734693866e-01 2.996050918520536815e-02 1.380681113827895989e-02
1.224489795918367319e-01 3.209268229546059781e-02 1.445951582408849453e-02
1.269387755102040771e-01 3.431747018158835122e-02 1.526884114208290101e-02
1.314285714285714501e-01 3.662458471563229817e-02 1.623667735084088209e-02
1.359183673469387954e-01 3.901978193679784407e-02 1.736217284803222641e-02
1.404081632653061407e-01 4.149052084197720619e-02 1.861803825903379436e-02
1.448979591836734859e-01 4.403753872941762459e-02 2.003439583838667257e-02
1.493877551020408312e-01 4.667732720925273082e-02 2.161528772880785820e-02
1.538775510204081765e-01 4.940321541152006835e-02 2.329271530385063765e-02
1.583673469387755217e-01 5.220682303099400540e-02 2.513809305690814511e-02
1.628571428571428392e-01 5.509817215963368903e-02 2.707191622010065787e-02
1.673469387755102122e-01 5.811697518093234677e-02 2.910084237604891946e-02
1.718367346938775575e-01 6.120490022057028384e-02 3.117250911229223556e-02
1.763265306122449305e-01 6.443524975608211358e-02 3.327538835375800502e-02
1.808163265306122480e-01 6.778099842586916834e-02 3.530259924980901076e-02
1.853061224489795933e-01 7.126312429333714338e-02 3.719512203255490035e-02
1.897959183673469663e-01 7.481462174459826975e-02 3.894968442263555680e-02
1.942857142857142838e-01 7.854517264342653071e-02 4.054792003370460973e-02
1.987755102040816291e-01 8.240924476338812310e-02 4.207363288838863319e-02
2.032653061224489743e-01 8.639229482065059751e-02 4.350021001064478116e-02
2.077551020408163196e-01 9.057491927174936286e-02 4.485604137068501668e-02
2.122448979591836649e-01 9.490652443269437244e-02 4.613683131589652736e-02
2.167346938775510101e-01 9.939508493083744345e-02 4.734857657311433710e-02
2.212244897959183554e-01 1.040557044698190853e-01 4.850706539287259755e-02
2.257142857142857284e-01 1.089202383653230521e-01 4.964613648488722109e-02
2.302040816326531014e-01 1.138764900252619977e-01 5.077673374751791313e-02
2.346938775510204189e-01 1.190294250474391580e-01 5.188702997933874322e-02
2.391836734693877642e-01 1.243001503843153138e-01 5.298741434705625530e-02
2.436734693877551372e-01 1.296693701518361885e-01 5.409071888148122426e-02
2.481632653061224547e-01 1.351544858160063090e-01 5.521363562377917117e-02
2.526530612244898277e-01 1.407940092067962445e-01 5.636162281469750401e-02
2.571428571428571175e-01 1.465052713009518670e-01 5.752460777022871258e-02
2.616326530612245183e-01 1.523086261478202585e-01 5.871782642948687736e-02
2.661224489795918080e-01 1.581542992909712175e-01 5.997138373404539008e-02
2.706122448979592088e-01 1.641346717146928424e-01 6.130641654648753824e-02
2.751020408163264985e-01 1.701994141489999446e-01 6.267984261429310200e-02
2.795918367346938993e-01 1.763136221436409079e-01 6.412131132223282404e-02
2.840816326530612446e-01 1.824921672571818143e-01 6.566173345804264538e-02
2.885714285714285898e-01 1.887146513546607840e-01 6.729904019580554286e-02
2.930612244897959351e-01 1.950066930606746407e-01 6.906595980078428232e-02
2.975510204081632804e-01 2.013968755702090219e-01 7.093808439374203745e-02
3.020408163265306256e-01 2.079399790892595412e-01 7.291563928343987311e-02
3.065306122448979709e-01 2.144774308129319684e-01 7.504573542930945140e-02
3.110204081632653161e-01 2.211742631956646887e-01 7.730065441460236275e-02
3.155102040816326614e-01 2.280150747166591885e-01 7.971407439546955576e-02
3.200000000000000067e-01 2.350366903006597952e-01 8.234360449163360962e-02
