# number density [fm^-3] 	 cs2 lower limit (68%) 	 cs2 upper limit (68%)
2.720000000000000022e-14 3.766610435412189122e-08 3.766610435412189122e-08
1.269999999999999890e-13 6.497781477172163475e-08 6.497781477172163475e-08
6.929999999999999754e-13 3.033770597342807186e-07 3.033770597342807186e-07
6.295000000000000945e-12 1.763710043904196507e-06 1.763710043904196507e-06
1.581000000000000150e-11 3.559434472327477622e-06 3.559434472327477622e-06
3.971999999999999958e-11 6.772854871245677111e-06 6.772854871245677111e-06
9.975999999999999982e-11 1.246890511177539320e-05 1.246890511177539320e-05
2.505999999999999928e-10 2.212095130576091967e-05 2.212095130576091967e-05
6.294000000000001220e-10 3.761981047239428883e-05 3.761981047239428883e-05
1.581000000000000021e-09 6.095350986710739404e-05 6.095350986710739404e-05
3.971999999999999932e-09 8.628023653304385055e-05 8.628023653304385055e-05
5.000000000000000105e-09 9.387863480799757518e-05 9.387863480799757518e-05
9.975999999999999465e-09 1.356922228656245837e-04 1.356922228656245837e-04
1.989999999999999952e-08 1.782101978513718314e-04 1.782101978513718314e-04
3.972999999999999908e-08 2.308134738384234820e-04 2.308134738384234820e-04
7.925999999999999637e-08 2.960532096713864875e-04 2.960532096713864875e-04
1.580999999999999930e-07 3.402859755131850544e-04 3.402859755131850544e-04
1.991000000000000027e-07 3.626488188833278743e-04 3.626488188833278743e-04
3.155999999999999408e-07 4.630767356912104081e-04 4.630767356912104081e-04
5.000999999999999849e-07 5.430301232045120323e-04 5.430301232045120323e-04
6.295999999999999732e-07 5.605192962670089638e-04 5.605192962670089638e-04
9.666999999999999941e-07 5.993081670211623108e-04 5.993081670211623108e-04
1.531999999999999901e-06 7.125938556504039095e-04 7.125938556504039095e-04
2.506999999999999883e-06 8.121876172121876309e-04 8.121876172121876309e-04
3.974000000000000407e-06 9.780674166779417152e-04 9.780674166779417152e-04
4.830000000000000343e-06 1.046253037768318664e-03 1.046253037768318664e-03
6.080999999999999885e-06 1.056224360839501646e-03 1.056224360839501646e-03
7.930000000000000308e-06 1.109203753630785610e-03 1.109203753630785610e-03
9.982000000000000313e-06 1.271216815433141075e-03 1.271216815433141075e-03
1.256999999999999823e-05 1.374195438212825332e-03 1.374195438212825332e-03
1.521999999999999997e-05 1.371610497379100249e-03 1.371610497379100249e-03
1.991000000000000080e-05 1.426578142835871997e-03 1.426578142835871997e-03
2.506999999999999883e-05 1.672007475975408053e-03 1.672007475975408053e-03
2.790999999999999536e-05 1.709425557744154774e-03 1.709425557744154774e-03
3.806999999999999973e-05 1.720407281314112165e-03 1.720407281314112165e-03
5.063000000000000145e-05 1.829889149838781265e-03 1.829889149838781265e-03
6.592000000000000583e-05 1.930242980462695823e-03 1.930242980462695823e-03
8.433000000000000066e-05 2.021055815200022837e-03 2.021055815200022837e-03
1.062000000000000064e-04 2.104789529260958983e-03 2.104789529260958983e-03
1.321000000000000126e-04 2.178291718403657477e-03 2.178291718403657477e-03
1.623999999999999901e-04 2.240170365918073281e-03 2.240170365918073281e-03
1.689999999999999879e-04 2.254509350360745651e-03 2.254509350360745651e-03
1.758999999999999930e-04 2.268169273277113179e-03 2.268169273277113179e-03
1.830000000000000029e-04 2.276170334580628063e-03 2.276170334580628063e-03
1.901999999999999882e-04 2.292561569242367037e-03 2.292561569242367037e-03
1.977000000000000079e-04 2.299943765467868384e-03 2.299943765467868384e-03
2.054000000000000053e-04 2.322187632288155723e-03 2.322187632288155723e-03
2.079000000000000119e-04 2.435429768083530178e-03 2.435429768083530178e-03
2.081999999999999921e-04 1.950065624557156818e-03 1.950065624557156818e-03
2.090999999999999868e-04 6.411875526909013856e-04 6.411875526909013856e-04
2.159999999999999919e-04 1.199166870571831411e-03 1.199166870571831411e-03
2.231000000000000019e-04 9.928616047829054436e-04 9.928616047829054436e-04
2.310999999999999795e-04 9.056166966301716637e-04 9.056166966301716637e-04
2.401000000000000085e-04 8.565463878902855599e-04 8.565463878902855599e-04
2.500000000000000052e-04 8.194318812157330018e-04 8.194318812157330018e-04
2.642999999999999733e-04 7.890063723638815647e-04 7.890063723638815647e-04
3.052999999999999941e-04 7.612775562167708662e-04 7.612775562167708662e-04
3.533000000000000224e-04 7.626578558207241024e-04 7.626578558207241024e-04
4.075999999999999871e-04 7.813048116943254948e-04 7.813048116943254948e-04
4.680000000000000457e-04 8.096035963157804938e-04 8.096035963157804938e-04
5.341000000000000261e-04 8.452514814113673558e-04 8.452514814113673558e-04
6.059000000000000366e-04 8.862253587289389486e-04 8.862253587289389486e-04
7.661000000000000275e-04 9.702780530519144065e-04 9.702780530519144065e-04
1.262000000000000101e-03 1.198863597978450275e-03 1.198863597978450275e-03
1.894999999999999983e-03 1.437771491635827115e-03 1.437771491635827115e-03
2.673000000000000029e-03 1.671524566936786766e-03 1.671524566936786766e-03
3.605999999999999830e-03 1.893900408978071038e-03 1.893900408978071038e-03
4.709999999999999777e-03 2.096551352830673849e-03 2.096551352830673849e-03
7.496000000000000926e-03 2.466596387205546859e-03 2.466596387205546859e-03
1.119999999999999989e-02 2.809304433764861584e-03 2.809304433764861584e-03
1.600000000000000033e-02 3.132325055719984222e-03 3.132325055719984222e-03
2.206999999999999934e-02 3.477840948757840792e-03 3.477840948757840792e-03
2.947999999999999926e-02 3.909302116317729670e-03 3.909302116317729670e-03
4.267999999999999572e-02 4.862066536253286525e-03 4.862066536253286525e-03
6.219999999999999835e-02 6.630786177272363080e-03 6.630786177272363080e-03
7.316999999999999893e-02 7.588671314871411888e-03 7.588671314871411888e-03
7.595999999999999974e-02 8.170805199905812125e-03 8.170805199905812125e-03
7.645061224489796414e-02 8.299964279213615723e-03 8.281687005430785412e-03
7.694122448979591467e-02 8.437596647410949835e-03 8.393372754886819359e-03
7.743183673469387907e-02 8.583352111568388898e-03 8.505835733928662420e-03
7.792244897959184347e-02 8.736912734610531583e-03 8.619065722793696829e-03
7.841306122448979399e-02 8.897886198611117820e-03 8.733044687674025933e-03
7.890367346938775839e-02 9.065998717835227483e-03 8.847770610793836976e-03
7.939428571428570891e-02 9.240825784586103805e-03 8.963226854256127127e-03
7.988489795918367331e-02 9.422049851669882237e-03 9.079381771975246831e-03
8.037551020408162383e-02 9.609401434114928087e-03 9.196209736010039701e-03
8.086612244897958823e-02 9.802434929259187454e-03 9.313778124370153053e-03
8.135673469387756651e-02 1.000105450722985068e-02 9.431945174758097489e-03
8.184734693877551703e-02 1.020463564146730992e-02 9.550669757604627816e-03
8.233795918367346756e-02 1.041291806335449717e-02 9.669910826543117247e-03
8.282857142857143196e-02 1.062541147952089475e-02 9.789982345034578190e-03
8.331918367346938248e-02 1.084203987685995740e-02 9.910566016266260034e-03
8.380979591836734688e-02 1.106251873779341699e-02 1.003171555941420774e-02
8.430040816326532516e-02 1.128647930452872546e-02 1.015338282324325207e-02
8.479102040816326180e-02 1.151322198676505218e-02 1.027560706099463379e-02
8.528163265306122620e-02 1.174278546004720210e-02 1.039826574776643586e-02
8.577224489795919060e-02 1.197474032514869204e-02 1.052143625105439115e-02
8.626285714285714112e-02 1.220848328239319130e-02 1.064510123453604740e-02
8.675346938775510552e-02 1.244417618777218966e-02 1.076886740494500255e-02
8.724408163265306992e-02 1.268139461561873516e-02 1.089341020314303632e-02
8.773469387755102045e-02 1.291932129528197866e-02 1.101822537548567682e-02
8.822530612244898485e-02 1.315807873556253116e-02 1.114337716403792505e-02
8.871591836734692149e-02 1.339729532203253783e-02 1.126882195026182587e-02
8.920653061224489977e-02 1.363659482491966224e-02 1.139428711502324908e-02
8.969714285714286417e-02 1.387589604862479731e-02 1.152018979165786786e-02
9.018775510204081469e-02 1.411436483698878981e-02 1.164579571492981372e-02
9.067836734693877909e-02 1.435202990251503719e-02 1.177170883525924770e-02
9.116897959183674349e-02 1.458836029399810004e-02 1.189827392741397982e-02
9.165959183673468014e-02 1.482299308220319002e-02 1.202471038120434509e-02
9.215020408163265841e-02 1.505517784167433731e-02 1.215115538588696503e-02
9.264081632653062282e-02 1.528663074089238287e-02 1.227737070900057452e-02
9.313142857142857334e-02 1.551550884419634381e-02 1.240373701052183662e-02
9.362204081632652386e-02 1.574098435621520964e-02 1.253013205329568149e-02
9.411265306122448826e-02 1.596306021146784784e-02 1.265595912934385295e-02
9.460326530612246654e-02 1.618265263362621623e-02 1.278175605465913835e-02
9.509387755102041706e-02 1.639881604403648982e-02 1.290712730682248149e-02
9.558448979591838146e-02 1.661069604747748146e-02 1.303176257962778729e-02
9.607510204081633198e-02 1.681704615315748538e-02 1.315611709118187297e-02
9.656571428571428251e-02 1.702022788698082448e-02 1.328049121051887507e-02
9.705632653061224691e-02 1.721860799299098146e-02 1.340463327791975925e-02
9.754693877551022518e-02 1.741086432039726586e-02 1.352699961636502461e-02
9.803755102040817571e-02 1.759875896464123748e-02 1.364739989108350142e-02
9.852816326530612623e-02 1.777966287471149931e-02 1.376778264514865943e-02
9.901877551020409063e-02 1.795541658874386451e-02 1.388674205129791089e-02
9.950938775510204115e-02 1.812322251998937581e-02 1.400599721512215713e-02
1.000000000000000056e-01 1.828245136263375106e-02 1.412272157507791712e-02
1.044897959183673647e-01 1.959516027959062184e-02 1.515681079894706275e-02
1.089795918367346961e-01 2.102521464077412167e-02 1.621877481078391400e-02
1.134693877551020413e-01 2.256114445623103384e-02 1.733100969486768908e-02
1.179591836734693866e-01 2.419589151244581557e-02 1.851334018326405290e-02
1.224489795918367319e-01 2.591397227830594466e-02 1.976480402051024668e-02
1.269387755102040771e-01 2.772200681566338101e-02 2.109781873148279877e-02
1.314285714285714501e-01 2.961913777320883054e-02 2.251389654122287753e-02
1.359183673469387954e-01 3.159651506756428613e-02 2.401041946139437222e-02
1.404081632653061407e-01 3.366410868371659537e-02 2.558451010056578614e-02
1.448979591836734859e-01 3.582703096801676673e-02 2.723704884513754310e-02
1.493877551020408312e-01 3.808256565915285607e-02 2.895813262262736734e-02
1.538775510204081765e-01 4.043134780965644548e-02 3.074087264082788276e-02
1.583673469387755217e-01 4.288373269548265143e-02 3.255875759473055020e-02
1.628571428571428392e-01 4.543178891871869213e-02 3.440282222252836336e-02
1.673469387755102122e-01 4.808475876461079657e-02 3.626868690580178217e-02
1.718367346938775575e-01 5.083705625832016239e-02 3.815648472421094561e-02
1.763265306122449305e-01 5.369404008477084850e-02 4.006904840936671708e-02
1.808163265306122480e-01 5.666750034822384818e-02 4.201287725035609405e-02
1.853061224489795933e-01 5.975874892018387396e-02 4.399340690025933809e-02
1.897959183673469663e-01 6.296803199728780165e-02 4.604102541429890699e-02
1.942857142857142838e-01 6.628513467779326152e-02 4.814524907837036682e-02
1.987755102040816291e-01 6.973480197791812052e-02 5.028357538470762389e-02
2.032653061224489743e-01 7.328982803725442308e-02 5.245020679245991635e-02
2.077551020408163196e-01 7.695262830459986825e-02 5.465469510537340064e-02
2.122448979591836649e-01 8.073463604600820964e-02 5.688710900424644168e-02
2.167346938775510101e-01 8.461896225560167073e-02 5.913366681508547273e-02
2.212244897959183554e-01 8.861393304363003598e-02 6.141373526230919228e-02
2.257142857142857284e-01 9.272486806173034501e-02 6.373307241490047681e-02
2.302040816326531014e-01 9.690964944003363502e-02 6.607817000491032766e-02
2.346938775510204189e-01 1.012136045842584736e-01 6.843723976506670137e-02
2.391836734693877642e-01 1.055996262871459618e-01 7.081495866990049348e-02
2.436734693877551372e-01 1.100783559206924278e-01 7.323762022992853782e-02
2.481632653061224547e-01 1.146533778589030883e-01 7.568204054583627105e-02
2.526530612244898277e-01 1.193045434404072236e-01 7.817024754004478493e-02
2.571428571428571175e-01 1.240504127676294449e-01 8.069543684914869119e-02
2.616326530612245183e-01 1.288517409699066196e-01 8.324938568671416683e-02
2.661224489795918080e-01 1.337013570738265489e-01 8.582812955946211853e-02
2.706122448979592088e-01 1.386147041268298297e-01 8.845789607182995284e-02
2.751020408163264985e-01 1.435806682748343999e-01 9.111399417763429986e-02
2.795918367346938993e-01 1.485986432354387266e-01 9.383233226239659497e-02
2.840816326530612446e-01 1.536387657427478737e-01 9.657160400870785921e-02
2.885714285714285898e-01 1.587184717724481886e-01 9.935885076944463157e-02
2.930612244897959351e-01 1.638031673318361692e-01 1.021801203077475489e-01
2.975510204081632804e-01 1.688898026184502688e-01 1.050548566758955082e-01
3.020408163265306256e-01 1.740145923749402690e-01 1.079529929765784130e-01
3.065306122448979709e-01 1.791327278897409947e-01 1.108905907990746370e-01
3.110204081632653161e-01 1.842200270834579989e-01 1.138977821938247509e-01
3.155102040816326614e-01 1.892903421899876926e-01 1.169151001645858806e-01
3.200000000000000067e-01 1.943295763499865159e-01 1.199335132173052487e-01
